>> Exercise
Exercise 1:
b =

    10     8     6     4     2     0    -2    -4


c =

  Columns 1 through 8

    1.0000    0.5000    0.3333    0.2500    0.2000    0.1667    0.1429    0.1250

  Columns 9 through 15

    0.1111    0.1000    0.0909    0.0833    0.0769    0.0714    0.0667


d =

  Columns 1 through 8

    0.5000    0.6667    0.7500    0.8000    0.8333    0.8571    0.8750    0.8889

  Columns 9 through 10

    0.9000    0.9091

Exercise 2:
ex2 =

  Columns 1 through 13

    31    33    35    37    39    41    43    45    47    49    51    53    55

  Columns 14 through 23

    57    59    61    63    65    67    69    71    73    75

Exercise 3:
x =

     2     5     1     6


b =

    18    21    17    22


c =

    1.4142    2.2361    1.0000    2.4495


d =

     4    25     1    36

Exercise 4:
x =

     3
     2
     6
     8


y =

     4
     1
     3
     5


ans =

     7
     3
     9
    13


ans =

          81
           2
         216
       32768


ans =

    1.3333
    0.5000
    0.5000
    0.6250


z =

    12
     2
    18
    40


w =

    72


ans =

     0

Exercise 5:
ans =

  Columns 1 through 8

   -1.0000    0.3333   -0.2000    0.1429   -0.1111    0.0909   -0.0769    0.0667

  Columns 9 through 10

   -0.0588    0.0526

Exercise 6:
x =

     0     1     2     3     4


x =

     4     3     2     1     0

Exercise 7:
t =

    1.0000    1.2000    1.4000    1.6000    1.8000    2.0000


ans =

    1.3863    1.5347    1.6790    1.8181    1.9516    2.0794


ans =

    0.0272    0.3428    2.0671    5.3864    9.8893   14.4838


ans =

    1.0000    1.0000    1.0000    1.0000    1.0000    1.0000


ans =

   -1.5574


ans =

    0.6421    0.3888    0.1725   -0.0292   -0.2333   -0.4577


ans =

   1.0e+03 *

    0.0031    0.0070    0.0338    1.1718    0.0181    0.0043

Exercise 8:
x =

  Columns 1 through 8

         0    0.1000    0.2000    0.3000    0.4000    0.5000    0.6000    0.7000

  Columns 9 through 16

    0.8000    0.9000    1.0000    1.1000    1.2000    1.3000    1.4000    1.5000

  Columns 17 through 24

    1.6000    1.7000    1.8000    1.9000    2.0000    2.1000    2.2000    2.3000

  Columns 25 through 32

    2.4000    2.5000    2.6000    2.7000    2.8000    2.9000    3.0000    3.1000

  Columns 33 through 40

    3.2000    3.3000    3.4000    3.5000    3.6000    3.7000    3.8000    3.9000

  Column 41

    4.0000

Exercise 9:
A =

     2     4     1
     6     7     2
     3     5     9


a =

     2     4     1


b =

     6     7     2
     3     5     9


b =

     6     7     2
     3     5     9


c =

    11    16    12


d =

     7    15    17


f =

     2     4     1
     6     7     2
     3     5     9
     2     4     1
     6     7     2


g =

     2     4     1     7
     6     7     2    15
     3     5     9    17
    11    16    12    39


e =

     2     4     1
     6     7     2
     8    11     3

Exercise 10:
A =

     2     7     9     7
     3     1     5     6
     8     1     2     5


B =

     7     7
     1     6
     1     5


C =

     2     7     9     7
     8     1     2     5


d =

    0.5000    0.1429    0.1111    0.1429
    0.3333    1.0000    0.2000    0.1667
    0.1250    1.0000    0.5000    0.2000


e =

    1.4142    2.6458    3.0000    2.6458
    1.7321    1.0000    2.2361    2.4495
    2.8284    1.0000    1.4142    2.2361

Exercise 11:
x =

     1     2     3     4     5     6     7     8     9    10


y =

     3     1     5     6     8     2     9     4     7     0


ans =

  1×10 logical array

   0   0   0   1   1   1   1   0   0   0


ans =

     6     7     8     9    10


ans =

     3     1     5     6


ans =

     1     8     9    10


ans =

     3     4     7     0


ans =

  1×0 empty double row vector

Exercise 12:
x =

     4     1     6


y =

     6     2     7


a =

    24     8    28
     6     2     7
    36    12    42


b =

    0.6667    2.0000    0.5714
    0.1667    0.5000    0.1429
    1.0000    3.0000    0.8571


c =

    68


d =

    0.3333    0.5000    0.3077
    0.1111    0.2000    0.1000
    0.4286    0.6000    0.4000


e =

    0.2500    0.5000    0.2500
    1.0000    1.0000    1.0000
    0.1667    0.5000    0.1667

Exercise 13:
x =

     7     6     1     2     0    -1     4     3    -2     0


x =

     7     6     1     2     0     0     4     3     0     0


y =

     7     6     4


y =

     7     6     4


x =

     7     9     1     5     3    -1     7     3     1     3


ans =

     7     9     1     5     3    -1     7     3     1     3


b =

     2

1	0	-1	-2	0
x =

     7     6     0     2     0     0     4     3     0     0


ans =

     7     6     4     3


x =

     5     4     1     2     0    -1     2     1    -2     0

Exercise 14:
x =

    2.0000    2.2500    2.5000    2.7500    3.0000


x =

    2.0000    3.2500    2.5000    2.7500    3.0000


y =

     4     6     8    10    12


A =

    2.0000    3.2500    2.5000    2.7500    3.0000
    1.0000    1.0000    1.0000    1.0000    1.0000
    4.0000    6.0000    8.0000   10.0000   12.0000


z =

    2.3333    3.4167    3.8333    4.5833    5.3333


zz =

   13.5000
    5.0000
   40.0000

Exercise 15:
a =

  Columns 1 through 8

   -4.9348    4.0587   -1.3353    0.2353   -0.0258    0.0019   -0.0001    0.0000

  Columns 9 through 16

   -0.0000    0.0000   -0.0000    0.0000   -0.0000    0.0000   -0.0000    0.0000

  Columns 17 through 24

   -0.0000    0.0000   -0.0000    0.0000   -0.0000    0.0000   -0.0000    0.0000

  Columns 25 through 32

   -0.0000    0.0000   -0.0000    0.0000   -0.0000    0.0000   -0.0000    0.0000

  Columns 33 through 40

   -0.0000    0.0000   -0.0000    0.0000   -0.0000    0.0000   -0.0000    0.0000

  Columns 41 through 48

   -0.0000    0.0000   -0.0000    0.0000   -0.0000    0.0000   -0.0000    0.0000

  Columns 49 through 56

   -0.0000    0.0000   -0.0000    0.0000   -0.0000    0.0000   -0.0000    0.0000

  Columns 57 through 64

   -0.0000    0.0000   -0.0000    0.0000   -0.0000    0.0000   -0.0000    0.0000

  Columns 65 through 72

   -0.0000    0.0000   -0.0000    0.0000   -0.0000    0.0000   -0.0000    0.0000

  Columns 73 through 80

   -0.0000    0.0000   -0.0000    0.0000   -0.0000    0.0000   -0.0000    0.0000

  Columns 81 through 88

   -0.0000    0.0000   -0.0000    0.0000   -0.0000         0         0         0

  Columns 89 through 96

         0         0         0         0         0         0         0         0

  Columns 97 through 100

         0         0         0         0

>> 
